0 96
0 241
0 379
0 615
0 749
0 896
0 935
1 282
1 582
1 671
1 681
1 960
2 225
2 351
2 445
2 818
3 52
3 71
3 279
3 446
3 553
3 750
3 771
4 227
4 754
4 893
5 443
5 557
5 579
5 848
6 287
6 293
6 391
6 592
6 674
6 745
6 746
6 844
6 951
7 11
7 110
7 604
7 824
8 181
8 618
8 799
9 29
9 63
9 199
9 230
9 410
9 519
9 617
9 709
9 805
9 830
9 919
10 93
10 246
10 417
10 470
10 975
11 228
11 237
12 436
12 469
12 724
12 920
12 951
12 979
13 244
13 263
13 320
13 730
13 859
13 943
14 128
14 477
15 65
15 300
15 471
15 767
15 796
15 915
16 169
16 565
16 761
17 41
17 444
17 619
17 636
18 157
18 427
18 521
18 534
19 870
20 203
20 284
20 361
20 548
20 619
20 734
20 802
21 157
21 193
21 316
21 650
21 669
21 825
22 171
22 211
22 669
22 688
22 715
22 773
22 794
22 799
23 82
23 173
23 515
23 864
23 916
24 87
24 326
24 822
24 964
24 981
25 162
25 257
25 370
25 459
25 984
26 132
26 511
26 565
26 728
27 296
28 124
28 537
28 814
29 229
29 260
29 274
29 613
29 878
30 318
30 335
30 372
30 373
30 540
30 685
30 752
30 918
31 37
31 133
32 125
32 248
32 544
32 782
33 158
33 309
33 665
33 676
34 297
34 346
34 413
34 883
34 950
35 722
36 482
36 554
36 785
36 810
37 46
37 97
37 181
37 426
37 571
37 630
37 793
38 403
38 657
38 829
38 842
39 271
39 454
39 844
40 181
40 711
41 342
41 390
41 393
41 509
41 532
41 991
42 323
42 525
42 609
42 657
42 670
42 874
43 143
43 195
43 230
43 477
44 443
44 674
44 738
45 162
45 220
45 582
45 689
45 844
46 596
46 989
47 762
47 864
47 870
47 871
47 943
48 411
48 734
49 182
49 531
49 717
49 726
49 848
50 198
50 262
50 264
50 320
50 516
50 948
51 153
51 730
51 854
52 513
52 650
52 749
52 888
52 989
53 70
53 191
53 367
53 813
53 995
54 276
54 420
55 61
55 74
55 97
55 236
55 378
55 578
56 119
57 167
57 193
57 229
57 248
57 356
57 406
58 276
58 502
58 771
59 487
59 522
59 754
59 849
60 74
60 478
60 621
60 658
60 668
60 779
60 948
60 990
61 374
61 657
61 677
61 691
61 804
62 215
62 360
62 372
62 586
62 880
63 153
63 361
63 509
63 526
64 97
64 332
64 610
64 963
65 357
65 782
65 857
66 280
66 384
66 554
66 596
66 618
66 708
66 806
66 963
67 174
67 258
67 815
67 971
68 99
68 184
68 215
68 259
68 694
68 900
68 918
69 702
69 833
69 950
69 955
70 289
70 862
71 171
71 520
71 860
72 186
72 688
72 755
72 921
73 442
73 482
73 785
74 444
74 845
74 855
74 997
75 699
75 781
76 871
77 159
77 269
77 317
77 922
77 968
78 92
78 130
78 329
78 405
78 537
78 689
78 841
78 916
79 259
79 285
79 760
79 784
80 438
80 463
80 909
81 97
81 149
81 215
81 255
81 257
81 326
81 365
81 492
81 910
82 535
82 606
82 835
82 836
83 219
83 334
84 305
84 629
84 838
85 277
85 440
85 813
86 262
86 370
86 869
86 981
87 407
87 447
87 528
87 825
87 835
88 263
88 909
89 120
89 132
89 521
89 624
90 136
90 297
90 472
90 485
90 501
90 939
91 224
91 307
91 389
91 838
92 336
92 337
92 529
92 751
92 859
93 198
93 533
94 239
94 332
94 648
95 467
95 651
96 205
96 386
96 459
96 519
96 570
96 582
96 874
97 199
97 361
97 396
97 444
97 474
97 924
97 933
98 927
99 228
99 278
99 307
99 456
99 636
99 892
100 130
100 772
100 791
100 866
100 896
101 135
101 313
101 428
101 628
101 949
102 126
102 133
102 224
102 540
103 136
103 243
104 240
104 255
104 375
104 889
105 225
105 582
105 730
106 113
106 417
106 731
106 996
107 238
107 595
107 604
107 792
107 805
107 807
107 961
108 314
108 496
108 539
108 554
108 559
108 975
109 367
109 528
109 631
109 648
109 675
109 805
109 820
110 260
110 292
110 338
110 383
110 439
110 451
110 520
110 742
111 234
111 478
111 567
112 447
112 734
112 758
113 192
113 291
113 414
113 544
113 642
113 782
113 799
113 839
113 944
113 954
114 347
114 641
114 755
115 119
115 227
115 401
115 500
115 534
115 837
115 960
116 376
116 407
116 824
117 501
117 573
117 794
117 977
117 980
118 336
118 499
119 143
119 487
119 551
119 741
119 950
120 615
120 696
120 797
120 840
120 885
120 886
121 285
121 416
121 423
121 910
122 179
122 216
122 335
122 480
122 542
122 556
122 623
122 934
123 134
123 153
123 228
123 346
123 634
123 835
124 139
124 194
124 298
124 384
124 419
124 720
124 830
124 842
124 885
125 511
125 552
125 681
125 799
125 910
126 427
126 795
126 878
127 734
127 764
127 873
127 926
127 966
128 245
128 473
128 616
128 830
128 847
129 188
129 285
130 253
130 276
130 294
130 749
130 767
130 806
131 533
131 875
131 882
131 944
132 140
132 164
132 283
132 494
132 641
132 904
133 196
133 318
133 531
133 958
134 602
135 336
135 558
135 584
135 613
135 669
135 887
136 199
136 210
136 413
136 811
136 860
137 215
137 309
137 315
137 356
137 399
137 545
137 585
137 944
137 966
137 982
138 184
138 282
138 298
138 489
138 760
138 773
138 910
139 146
139 415
139 443
139 591
139 642
139 751
139 789
140 639
140 926
141 290
141 980
142 283
142 340
142 364
142 429
142 696
143 229
143 276
143 535
143 910
144 365
144 688
145 155
145 193
145 248
145 375
145 399
145 459
145 472
145 583
145 595
145 929
146 254
146 275
146 448
146 570
146 649
146 656
146 877
147 387
147 397
147 482
147 821
147 882
148 609
148 844
149 967
150 479
150 683
150 753
151 413
151 809
152 660
152 741
152 936
153 188
153 414
153 468
153 955
154 218
154 261
154 708
154 813
154 891
155 311
156 448
156 763
156 785
156 984
157 345
157 445
157 890
158 398
158 420
158 773
159 242
159 288
159 333
159 348
159 624
159 778
159 818
160 438
160 691
160 840
160 948
161 331
161 708
161 710
161 828
161 970
162 575
162 637
162 692
162 903
162 989
163 306
163 316
163 358
164 252
164 447
165 488
165 528
166 413
166 533
166 679
166 976
167 711
167 803
168 230
168 551
168 553
168 598
168 789
169 203
169 258
169 288
169 823
169 949
170 258
170 280
170 700
170 865
170 899
171 223
171 694
171 782
172 181
172 338
172 393
172 659
173 198
173 220
173 847
174 270
174 286
174 626
174 772
174 858
175 319
175 469
175 623
175 707
175 790
176 355
176 728
176 887
177 413
177 762
178 303
178 437
178 545
179 308
179 413
179 415
179 666
179 736
180 290
180 660
180 999
181 244
181 318
181 441
181 772
182 468
182 947
183 285
183 368
183 442
184 247
184 465
184 544
184 712
184 721
184 904
185 513
185 842
185 946
186 602
186 686
186 717
186 868
187 376
187 404
187 635
187 716
187 821
187 837
188 556
188 790
188 949
189 237
189 340
189 381
189 742
189 790
189 857
189 931
190 376
191 398
191 457
191 793
191 882
191 962
191 967
192 252
192 271
192 388
192 812
192 861
192 982
192 991
193 270
193 306
193 475
193 551
193 669
194 333
194 469
194 686
194 731
194 777
194 914
196 296
196 412
196 650
196 980
197 364
197 379
197 402
197 483
197 549
197 566
197 846
197 945
197 995
198 202
198 486
198 962
199 279
199 481
199 490
199 669
200 287
200 494
200 779
200 906
201 384
201 457
201 471
201 608
202 247
202 275
202 781
203 409
203 523
203 557
203 686
204 406
204 853
205 991
206 586
206 911
206 930
207 427
207 477
207 533
208 314
208 346
208 534
208 660
208 791
208 984
209 566
209 770
209 799
210 358
210 592
210 671
210 895
211 737
211 875
212 480
212 780
213 488
213 506
213 517
213 559
213 641
213 736
213 947
214 630
214 745
214 757
215 232
215 277
215 556
215 633
215 682
215 818
216 275
216 825
216 926
216 993
218 285
218 378
218 676
219 556
219 558
219 642
221 371
221 531
221 692
222 779
223 520
224 548
224 586
224 722
224 978
225 375
225 693
225 718
226 370
226 481
226 484
226 864
226 882
227 232
227 611
228 385
228 461
228 467
228 536
228 767
228 867
228 978
229 373
229 562
229 819
230 281
230 865
231 258
231 699
231 702
232 401
232 573
232 756
233 296
233 680
233 689
234 549
234 672
235 485
235 538
235 965
236 388
236 553
236 695
237 850
237 854
237 909
237 913
237 929
238 753
238 818
239 409
239 421
239 490
239 957
240 431
240 434
240 555
240 688
240 763
240 881
241 511
242 281
242 464
243 694
243 848
243 909
244 299
244 477
244 744
244 889
244 964
245 595
245 598
245 780
247 332
247 362
248 441
248 627
248 823
248 883
249 304
249 630
249 650
249 673
250 603
250 644
250 767
251 312
251 467
251 610
251 962
251 973
252 386
252 653
252 680
253 649
254 606
254 739
254 824
254 896
255 285
255 336
255 432
255 436
255 783
255 938
256 638
256 932
257 381
257 889
258 827
258 845
258 877
258 957
259 303
259 389
259 532
259 588
259 851
259 920
259 951
260 612
260 756
261 987
262 469
263 278
263 281
263 823
264 565
265 344
265 350
265 371
265 588
265 650
265 932
265 998
266 347
266 521
266 764
266 895
267 366
267 415
267 444
267 732
267 809
267 824
267 995
268 402
269 308
269 326
269 352
269 464
269 915
269 953
270 292
270 353
270 414
271 591
271 815
272 915
273 659
273 888
274 401
274 552
274 744
274 789
274 802
274 806
274 948
274 957
274 982
275 396
275 889
276 695
276 809
276 956
277 313
277 411
278 342
278 420
278 694
278 706
279 320
279 739
279 816
280 632
280 681
281 361
281 394
281 617
282 395
282 449
282 521
282 579
283 505
283 559
283 993
284 402
284 417
284 670
284 779
284 850
284 918
285 570
286 297
286 334
286 413
286 782
286 804
286 832
288 543
288 578
288 983
289 443
289 538
289 932
289 986
290 751
290 817
290 936
291 570
291 672
291 677
291 718
291 970
292 325
292 615
292 751
292 904
293 358
293 601
293 670
293 710
293 763
293 868
294 648
294 794
295 468
295 710
296 607
296 895
297 538
297 822
298 302
299 407
299 433
299 877
300 603
300 681
300 692
301 344
301 481
302 770
303 669
303 787
303 855
304 446
304 828
305 495
305 502
305 860
305 936
306 732
306 740
307 365
307 382
307 530
307 531
307 550
307 875
307 884
308 334
308 418
308 539
308 650
308 652
308 928
309 315
309 331
309 421
309 908
310 629
310 819
310 969
311 548
311 659
311 864
312 679
312 895
312 932
312 980
313 725
313 946
314 363
314 661
314 706
315 317
315 494
315 549
315 561
315 872
316 572
316 921
316 989
317 498
317 573
317 607
317 622
318 517
318 600
318 909
319 602
319 607
319 647
319 730
319 895
320 366
320 616
320 673
322 464
322 754
322 993
323 668
323 846
324 477
325 689
326 903
328 520
329 648
329 678
329 701
329 736
329 950
330 472
330 601
330 644
330 720
330 773
331 467
331 733
331 734
331 749
331 767
331 903
331 986
332 339
332 502
332 881
332 884
333 605
333 794
333 816
333 948
335 355
335 391
335 419
335 533
335 813
336 377
336 678
336 701
336 838
337 385
337 753
338 423
338 831
338 979
339 409
339 700
340 395
341 575
341 609
341 703
341 879
342 548
342 572
342 639
342 976
342 980
343 952
344 393
344 477
344 553
344 964
345 657
345 690
345 793
345 875
345 973
346 433
346 737
346 959
346 999
347 356
347 413
348 478
348 521
348 776
348 913
348 992
349 626
349 698
349 843
350 370
350 495
350 539
350 974
351 555
351 661
351 824
351 852
351 927
352 419
352 762
352 863
352 946
353 390
353 484
353 656
354 662
354 849
354 875
354 939
355 481
355 807
355 959
356 771
356 831
356 855
356 955
356 984
357 540
357 567
357 645
357 884
357 948
358 471
358 525
358 531
359 783
359 849
359 869
360 403
360 446
361 394
361 578
361 739
361 814
361 820
361 822
361 866
362 492
362 565
363 430
363 513
363 603
363 611
364 508
364 585
364 853
365 418
365 680
365 905
366 375
366 470
366 672
366 881
367 763
367 894
368 503
368 524
368 734
369 767
369 945
370 512
370 996
371 844
371 983
372 731
372 738
374 487
374 805
375 493
375 905
376 543
376 620
376 666
376 720
376 852
377 516
377 723
377 750
377 921
378 392
378 460
378 524
378 550
379 470
379 589
379 624
379 790
379 861
380 384
380 480
380 589
380 621
381 435
381 555
381 557
381 900
382 420
382 718
382 773
383 712
383 727
384 476
385 409
385 638
386 518
386 555
386 676
386 857
387 564
387 644
388 416
388 439
389 489
390 397
390 554
390 619
390 675
390 994
391 475
391 658
391 739
391 744
392 448
392 623
392 673
392 841
392 890
393 516
393 763
393 788
393 939
394 422
394 464
394 666
394 711
394 735
395 506
396 719
396 844
396 945
397 917
399 578
399 824
399 925
400 436
400 789
400 964
401 750
401 778
402 798
402 803
403 537
403 554
403 627
403 940
404 715
404 873
404 946
405 678
406 420
406 928
407 595
407 707
408 421
408 432
408 759
408 908
409 453
409 642
409 882
410 618
410 622
410 762
410 875
410 948
411 464
411 737
412 437
413 551
413 613
413 714
413 769
414 652
414 857
415 910
416 630
416 684
416 705
416 811
416 828
417 675
417 689
417 736
417 864
418 551
418 779
418 921
418 945
419 518
419 554
419 584
420 584
420 666
420 690
420 742
420 971
421 583
421 594
421 646
421 685
421 711
422 688
423 554
423 804
423 836
423 854
424 539
424 569
424 711
424 856
424 860
425 788
425 789
426 823
426 984
427 489
427 606
427 643
427 752
427 797
427 911
427 989
428 461
428 781
428 852
429 465
429 555
429 730
429 883
429 890
430 838
430 974
431 536
431 744
431 944
431 965
432 478
432 535
432 566
432 637
432 810
432 953
433 534
433 727
434 695
434 696
434 698
434 825
434 889
435 740
435 781
436 525
436 539
436 569
437 533
437 697
438 706
438 969
439 464
439 563
440 474
440 644
441 606
441 691
442 582
442 876
443 783
444 450
444 476
444 492
445 449
445 721
445 760
445 979
446 525
446 592
446 822
447 630
447 918
447 923
448 591
448 639
448 775
448 897
449 903
450 561
450 621
450 759
450 843
450 945
451 802
452 635
453 522
453 572
454 461
454 528
454 962
454 983
455 485
455 772
455 987
456 542
456 662
456 672
456 932
457 533
457 593
457 687
457 740
457 784
457 882
457 915
458 782
459 743
459 744
459 807
460 577
460 694
460 907
461 535
461 937
462 563
462 796
463 744
463 745
463 782
463 866
463 976
464 659
464 668
464 771
466 755
466 799
466 940
467 699
467 849
468 870
468 872
469 475
469 753
470 496
470 586
470 659
470 884
471 711
472 574
473 799
473 934
473 945
473 979
474 831
474 858
475 621
476 484
476 543
476 617
476 718
476 951
476 987
477 682
478 527
478 734
478 892
478 992
479 521
479 552
479 865
480 973
481 604
481 678
481 788
481 932
482 528
482 666
482 728
484 904
485 554
485 834
486 740
486 766
486 980
487 793
487 862
489 762
489 778
490 616
490 651
490 944
492 621
492 672
492 774
493 740
493 810
494 502
494 516
495 883
495 904
496 549
496 671
496 773
497 540
497 753
497 902
497 971
498 764
499 639
500 503
500 588
500 763
501 726
501 909
502 570
502 600
502 675
502 825
502 868
503 561
503 772
503 803
506 581
506 666
506 864
507 873
507 982
507 991
508 906
508 974
509 526
509 624
509 949
510 526
510 957
511 550
511 619
511 844
511 869
511 922
511 972
512 874
513 659
513 728
513 800
514 524
514 575
514 587
514 825
514 963
514 978
515 556
516 830
516 850
516 941
516 997
517 685
518 747
518 768
519 573
519 852
520 550
520 565
520 661
520 798
520 935
520 957
520 960
522 527
522 717
522 934
523 575
523 636
523 773
523 796
524 927
524 990
526 762
527 749
527 855
527 952
528 814
528 853
528 899
528 947
530 545
531 633
531 717
531 730
531 832
531 891
532 684
532 707
532 797
532 890
533 744
534 768
536 789
536 857
537 594
538 555
538 569
538 887
538 905
539 853
540 810
541 689
542 683
542 758
542 775
542 836
543 842
544 598
544 720
544 724
544 846
544 883
545 880
545 959
547 923
548 578
548 606
548 867
548 885
548 933
549 647
549 802
550 568
550 838
551 634
552 594
552 621
552 667
554 594
554 812
554 878
554 883
554 981
555 617
555 634
555 692
555 804
555 912
556 863
556 874
557 791
557 872
557 898
557 975
558 712
559 572
559 973
560 597
560 698
560 772
560 949
560 973
561 703
561 941
561 996
562 613
562 876
562 984
563 913
563 972
564 797
564 864
564 905
565 670
565 775
565 921
565 962
566 946
567 791
568 662
568 758
568 923
569 662
569 805
569 880
571 597
571 947
572 947
573 865
573 869
574 747
574 820
575 597
575 763
575 788
575 921
576 928
578 633
578 782
580 643
580 997
581 596
581 616
581 640
581 718
581 877
582 760
582 858
582 893
583 700
583 732
583 784
583 804
584 721
584 969
585 649
586 788
586 862
586 999
587 881
588 650
588 973
590 764
591 701
591 703
591 704
591 725
591 754
592 785
592 922
593 869
593 879
594 611
594 865
595 849
596 801
596 825
596 879
596 882
597 598
597 666
597 735
597 890
598 792
598 826
599 691
599 797
599 921
600 678
600 747
601 881
601 939
602 828
602 850
604 661
605 626
605 934
606 649
606 771
607 933
607 998
609 771
610 930
611 836
612 741
612 742
612 755
613 897
614 832
614 942
614 994
615 718
615 774
616 962
617 652
618 641
618 821
619 628
619 670
620 626
620 652
620 737
621 730
621 806
622 827
622 963
623 850
623 962
624 738
625 745
625 957
625 988
626 829
626 910
626 915
626 961
627 628
627 656
627 696
627 786
627 859
627 888
628 637
629 718
629 777
630 636
630 797
630 903
631 815
631 860
632 703
632 791
633 873
633 953
634 783
634 906
634 959
635 930
636 872
636 902
637 746
637 788
637 896
637 982
638 873
638 933
639 657
639 810
640 829
640 930
640 953
641 719
642 689
642 755
642 761
642 933
643 897
643 898
645 739
645 859
646 677
648 755
648 857
649 661
649 868
649 922
650 837
650 904
651 669
651 765
652 659
652 807
654 655
654 888
656 701
656 845
656 995
657 741
657 783
657 790
659 695
659 890
659 903
661 783
661 911
662 692
662 707
662 989
663 700
663 712
663 725
663 876
663 892
664 914
665 697
665 784
666 987
667 991
668 742
668 754
668 918
668 922
668 964
669 760
669 949
670 938
670 951
671 709
671 791
671 893
671 933
672 675
672 794
672 811
673 862
674 910
675 817
675 845
675 889
676 875
676 880
676 902
677 809
678 881
679 697
679 886
680 711
680 750
682 792
682 805
683 748
683 882
684 882
685 822
685 974
685 990
685 994
686 997
686 998
687 950
689 909
690 944
690 998
694 761
695 709
695 726
695 859
696 973
698 709
698 774
699 727
699 885
700 749
700 762
700 809
700 840
700 907
701 704
701 932
702 746
702 871
703 801
703 865
703 962
704 787
704 966
706 919
709 811
709 840
710 799
710 847
711 974
712 788
712 846
713 761
714 796
714 956
715 746
716 749
718 791
718 846
719 815
719 848
719 932
720 763
721 833
723 880
724 814
724 908
725 853
727 893
727 902
729 909
730 790
730 929
732 823
734 895
734 993
735 766
735 973
737 951
739 794
739 848
739 857
739 997
740 830
742 803
742 918
743 881
744 779
746 813
746 860
746 874
747 869
748 906
748 947
750 970
750 988
751 758
751 804
751 946
751 964
752 919
753 992
754 928
755 930
758 965
758 971
760 824
760 880
761 917
763 784
763 832
763 851
764 789
765 973
766 780
767 878
768 915
769 871
769 995
770 854
771 810
772 988
774 988
775 858
775 998
778 806
779 841
780 928
780 972
781 976
782 838
783 836
783 912
783 982
784 859
784 934
785 914
786 802
786 890
787 927
789 827
789 944
789 976
792 838
793 905
793 987
794 868
794 887
794 921
795 798
796 936
796 986
798 904
799 845
799 871
799 949
800 804
800 892
800 993
803 823
804 843
805 949
805 989
805 992
806 973
806 974
807 922
807 999
808 916
808 977
810 874
811 867
814 963
814 967
814 971
815 915
815 943
816 843
818 904
819 835
819 947
821 891
821 935
821 947
824 939
824 947
825 996
827 850
827 949
829 832
829 912
831 890
832 883
833 905
834 915
836 908
836 910
836 942
837 979
838 875
839 867
841 969
844 854
845 989
849 973
851 951
854 925
855 971
855 987
856 960
856 975
861 911
863 938
863 987
864 935
866 970
868 903
869 883
869 885
871 888
871 945
873 882
876 928
876 946
878 967
879 925
881 902
887 926
888 958
891 925
894 944
895 911
896 949
896 953
896 989
898 918
899 955
901 990
903 929
904 988
905 908
908 932
910 985
911 970
914 922
915 972
922 984
926 947
926 980
933 953
942 957
942 958
944 967
946 949
946 956
948 987
949 955
949 959
950 973
962 978
964 990
968 999
972 990
973 988
988 989
